3,2
3,1
3,3
10,278
10,132
10,124
10,256
10,133
10,70
10,67
11,23
11,27
9,4
9,2
9,3
8,11
8,5
8,12
8,15
8,1
8,14
8,2
8,3
1362,3
1362,2
1362,1
1362,0
1360,3
1360,2
1360,1
1360,0
1358,3
1358,2
1358,1
1358,0
1357,4
1357,3
1357,2
1357,1
1357,0
1356,4
1356,3
1356,2
1356,1
1356,0
1341,3
1341,2
1341,1
1341,0
20,3
20,2
20,1
19,3
19,2
19,1
12,3
12,2
12,1
11,30
11,28
11,26
11,25
11,24
11,22
11,21
11,20
11,19
11,17
11,16
11,14
11,13
11,12
11,11
11,9
11,8
11,7
11,5
11,4
11,3
11,2
11,1
10,314
10,311
10,309
10,307
10,296
10,288
10,287
10,282
10,281
10,275
10,267
10,261
10,247
10,234
10,226
10,219
10,209
10,195
10,191
10,188
10,187
10,173
10,165
10,150
10,146
10,138
10,135
10,131
10,107
18,1
10,106
18,3
14,1
10,100
10,95
14,3
13,1
